3.1078	3.3553	3.1833	3.2307	2.2301	0.69496	0.10282	0.12345	0.12195	0.068224	0.069392	0.094104	0.046743	0.0073478	0.0013549	0.0071241	0.015366	0.014936	0.0055276	0.001907	0.00095257	0.0030644	0.0083054	0.019201	0.025078	0.012784	0.008433	0.0035744	0.0021373	0.0024721	0.0014922	0.00098697	0.00088238	0.0012451	0.002318	0.0042586	0.0039095	0.0028461	0.0023221	0.0052032	0.0051943	0.0052423	0.0034378	0.0011632	0.00077179	0.00076692	0.00096098	0.00094909	0.00093191	0.00099118	0.00096767	0.00077868	0.0010492	0.0015083	0.0016476	0.0012805	0.0012264	0.0014326	0.0012975	0.0010835	0.0013908	0.001437	0.0014699	100
3.5054	4.0275	3.4358	0.97365	1.3161	2.1731	1.1535	0.71624	0.54594	0.35868	0.19925	0.13889	0.033246	0.0071613	0.017696	0.039616	0.042705	0.024395	0.008559	0.013325	0.032522	0.055229	0.053916	0.035241	0.01982	0.010533	0.0080315	0.0062822	0.011102	0.0074983	0.0047345	0.0024775	0.00088016	0.0011505	0.0022935	0.0027841	0.0020933	0.0013548	0.00073159	0.0011873	0.0027466	0.0067443	0.0055833	0.0017741	0.00083087	0.00065119	0.00059371	0.00057352	0.00064635	0.00049264	0.00079637	0.00097159	0.00088083	0.00093418	0.00098622	0.0012335	0.0012064	0.0012603	0.0013016	0.0014877	0.0014026	0.0011902	0.00097341	101
4.3935	4.5927	1.498	0.14047	0.048151	0.1332	0.15851	0.17443	0.54319	0.6221	0.37262	0.16957	0.045708	0.046695	0.087975	0.095181	0.035082	0.018989	0.030383	0.034198	0.030234	0.028897	0.032932	0.01452	0.010731	0.020577	0.025823	0.020441	0.023731	0.009273	0.0019191	0.0011099	0.0009055	0.0011822	0.0011114	0.0010583	0.0048654	0.0080783	0.0037737	0.0038689	0.010014	0.010664	0.0052418	0.0019183	0.001398	0.0016531	0.0012785	0.0010344	0.0012022	0.0012972	0.0014016	0.0013716	0.0012306	0.0011489	0.0015208	0.0016214	0.0014356	0.0014985	0.0015718	0.0016617	0.0015666	0.001883	0.001746	102
3.8728	4.7622	3.3539	1.3146	0.25712	0.04865	0.048023	0.11026	0.17518	0.11769	0.041345	0.022174	0.016232	0.0043425	0.0014834	0.020829	0.047467	0.037147	0.015777	0.0061595	0.0018173	0.0047474	0.024453	0.029939	0.013682	0.020634	0.030959	0.015064	0.0030857	0.0017375	0.00051407	0.00044187	0.00038006	0.00057641	0.0021876	0.0033575	0.0022989	0.0013672	0.00095898	0.0008043	0.00096193	0.0012066	0.0010849	0.0016044	0.0017216	0.00096211	0.00080346	0.0010403	0.0006419	0.00081467	0.00069009	0.00064284	0.00057775	0.00069258	0.00070207	0.00087093	0.00094039	0.00086294	0.0011007	0.0011948	0.0013646	0.0013492	0.001154	103
4.8687	4.8955	2.3079	0.52479	0.05106	0.15522	0.24036	0.10868	0.0243	0.016726	0.0096299	0.0070942	0.0024707	0.00094834	0.0038458	0.0081543	0.0051346	0.0082444	0.016833	0.011803	0.013848	0.018139	0.021366	0.017242	0.0040298	0.00094194	0.00072298	0.00090519	0.00054165	0.00043324	0.00036065	0.00037868	0.00061117	0.00061633	0.00049105	0.00041742	0.00041439	0.00042977	0.00027242	0.00026079	0.00034035	0.0003201	0.00035334	0.00042082	0.00038686	0.00040277	0.00040562	0.00044871	0.00034625	0.0005548	0.00069885	0.00068851	0.00057134	0.00052637	0.00066796	0.00098411	0.00080287	0.00074926	0.00079005	0.0007963	0.00083866	0.00086088	0.00093138	104
4.8238	5.2483	2.3479	0.22764	0.37067	0.7947	0.55171	0.43337	0.31394	0.40212	0.37122	0.19126	0.028392	0.01321	0.061228	0.11484	0.07498	0.019785	0.014842	0.036625	0.046952	0.029212	0.038214	0.039763	0.013285	0.0076655	0.016645	0.021951	0.023426	0.018975	0.0038282	0.0013126	0.0010373	0.0012334	0.0015469	0.0028634	0.0065592	0.0061718	0.00996	0.0085811	0.0085187	0.0056557	0.00098972	0.0012342	0.0021647	0.0016125	0.00065536	0.00093041	0.00072841	0.00079537	0.00071118	0.00074692	0.0011069	0.00094355	0.0006793	0.00094694	0.0010284	0.0010036	0.00099163	0.0011323	0.0012247	0.0012384	0.0012991	105
0.11987	0.27383	0.29373	0.49647	0.82	1.0876	1.4608	1.6784	3.2046	3.028	1.8095	1.1785	1.2452	1.0483	0.56759	0.6036	0.53138	0.53432	0.5567	0.58724	0.52693	0.61321	0.98085	1.4825	1.441	1.045	0.9351	1.0774	0.78755	0.47825	0.2961	0.30396	0.23467	0.25037	0.31178	0.35647	0.4634	0.50929	0.34092	0.22758	0.24696	0.21281	0.17844	0.24847	0.25624	0.28715	0.22721	0.14168	0.13974	0.11599	0.10963	0.098438	0.093732	0.083613	0.085284	0.082603	0.08652	0.086031	0.071442	0.056288	0.049201	0.04277	0.035317	106
4.9228	3.4545	0.74991	0.4339	0.5595	0.49968	0.63476	0.56706	0.41664	0.65456	0.81366	0.75038	0.98641	0.86649	0.59144	0.37018	0.30133	0.5657	0.50414	0.32697	0.27724	0.40891	0.62377	0.82347	0.94546	0.9946	0.6506	0.51326	0.75154	0.79462	0.36271	0.19437	0.22197	0.18202	0.31106	0.58276	0.70471	0.64945	0.47345	0.33658	0.3242	0.36208	0.33924	0.36167	0.38589	0.29587	0.29581	0.32746	0.30811	0.27922	0.22979	0.15406	0.11673	0.11402	0.08928	0.093445	0.098184	0.098412	0.064895	0.062179	0.05168	0.032667	0.020277	107
4.7722	3.6683	1.0948	0.24911	0.2146	0.33487	0.39165	0.62725	1.1722	1.5165	1.6915	1.1766	1.1509	1.0432	0.6123	0.58526	0.45252	0.35379	0.33046	0.25185	0.24108	0.22106	0.26897	0.25537	0.37899	0.42746	0.39152	0.28405	0.18153	0.18897	0.18212	0.11925	0.092025	0.17271	0.22484	0.23562	0.33726	0.30615	0.20753	0.23048	0.18261	0.16834	0.17691	0.14429	0.099401	0.058916	0.068056	0.07545	0.088018	0.071141	0.046579	0.026206	0.032692	0.037225	0.040806	0.034702	0.030038	0.027547	0.033457	0.028406	0.022087	0.020317	0.010706	108
3.371	2.9669	1.0592	0.83649	1.3531	1.6052	2.4604	2.3533	1.7001	1.2714	0.76992	0.47345	0.52889	0.4904	0.34096	0.26575	0.33883	0.30885	0.20822	0.26611	0.3132	0.30936	0.54843	0.53488	0.6802	0.61378	0.46951	0.36274	0.19877	0.13971	0.12817	0.090233	0.042202	0.049148	0.1049	0.12067	0.16346	0.17586	0.17218	0.14229	0.10032	0.12181	0.14495	0.12543	0.17691	0.15935	0.11801	0.076856	0.06756	0.048636	0.038974	0.043991	0.034572	0.047058	0.046217	0.042183	0.039802	0.026103	0.018347	0.020905	0.015357	0.015368	0.011258	109
5.4264	3.8231	1.1436	0.76511	1.3731	1.7521	1.4058	0.48129	0.30331	0.31253	0.18322	0.067904	0.10473	0.14942	0.27918	0.26096	0.12276	0.070372	0.07116	0.068321	0.074139	0.079994	0.10058	0.19824	0.38798	0.34116	0.14869	0.09055	0.12091	0.109	0.12274	0.099435	0.042072	0.081088	0.13042	0.13029	0.18959	0.24289	0.33362	0.33475	0.20004	0.17557	0.19705	0.20663	0.15087	0.074286	0.043958	0.029778	0.029547	0.033632	0.03863	0.035825	0.029178	0.030816	0.036007	0.025885	0.01442	0.010048	0.0066707	0.0042497	0.005743	0.0076039	0.0048833	110
5.9671	4.2476	1.4652	1.258	1.6604	1.5417	1.3547	0.88747	0.38997	0.27773	0.4049	0.48369	0.33694	0.20762	0.11532	0.074248	0.058071	0.076396	0.06426	0.092019	0.070835	0.052302	0.063195	0.11792	0.20806	0.20107	0.10423	0.08144	0.066153	0.039595	0.036716	0.025456	0.018455	0.020313	0.033792	0.028644	0.029328	0.030952	0.032018	0.021659	0.029803	0.022828	0.018363	0.017146	0.021774	0.02243	0.016921	0.016475	0.014988	0.009753	0.0041968	0.003289	0.0017187	0.0016036	0.0018083	0.0022774	0.0025439	0.0025602	0.0019924	0.0017812	0.0021668	0.0024463	0.0022046	111
3.261	2.9416	3.3334	3.495	1.7933	0.39874	0.15912	0.25127	0.36973	0.29361	0.176	0.091468	0.032394	0.013796	0.014452	0.041588	0.063681	0.049254	0.030594	0.014178	0.0067552	0.011151	0.017282	0.022187	0.040345	0.071907	0.072386	0.033362	0.011155	0.0052785	0.0033835	0.0043502	0.0044411	0.0072287	0.015708	0.017254	0.011186	0.010629	0.0087888	0.0054143	0.0080377	0.0090286	0.0040409	0.0010752	0.00063478	0.00046028	0.00067333	0.00057429	0.0017021	0.0029863	0.0019323	0.00072781	0.00061504	0.00055073	0.00081896	0.00097884	0.00097739	0.0011176	0.0010977	0.0010122	0.0010754	0.00095855	0.00080059	200
3.8525	4.1727	3.0019	0.81152	0.43977	0.59266	0.39452	0.50314	0.38821	0.18715	0.15147	0.091639	0.019331	0.011381	0.023508	0.036394	0.024531	0.0095064	0.0047076	0.0082016	0.017887	0.024162	0.030119	0.031589	0.023682	0.014454	0.0066477	0.0053734	0.0081552	0.007712	0.0061192	0.0030181	0.00090304	0.0011749	0.0028312	0.0026023	0.0020872	0.0011424	0.00045224	0.00040432	0.00042221	0.00062438	0.00049465	0.00043244	0.00044939	0.00047986	0.00050349	0.00050617	0.00077193	0.00084906	0.00074976	0.00086016	0.00087228	0.00074498	0.00080697	0.00081786	0.00093688	0.0010553	0.0010188	0.0008315	0.0008333	0.0012842	0.0011699	201
6.0784	4.5744	1.3207	0.11831	0.037259	0.059574	0.075192	0.061591	0.17053	0.18613	0.088971	0.046748	0.023456	0.044703	0.046745	0.039819	0.012526	0.0088316	0.018425	0.016249	0.014273	0.0082999	0.0059626	0.0037323	0.012096	0.020185	0.020182	0.010882	0.0038911	0.0015621	0.00080966	0.00048095	0.00056034	0.00057455	0.00056592	0.00049528	0.00068414	0.0012347	0.0010571	0.00066896	0.00058305	0.00060721	0.00055563	0.00068701	0.00081706	0.0011218	0.0012786	0.0010606	0.0011133	0.0012493	0.001412	0.001175	0.0012233	0.00095544	0.0011378	0.0011297	0.0009564	0.0016693	0.0020008	0.0017972	0.0015822	0.0014426	0.0018961	202
4.2924	4.8776	3.6198	1.5218	0.37863	0.050264	0.031362	0.072916	0.05605	0.033504	0.024063	0.01484	0.0060615	0.0012021	0.00097481	0.003466	0.0039373	0.0025153	0.0027772	0.0051929	0.0093237	0.012062	0.017593	0.011571	0.0067061	0.007994	0.0060822	0.0024179	0.00097941	0.00095537	0.0007211	0.00042409	0.00048453	0.0006	0.00058539	0.00043804	0.00037382	0.0003958	0.0004798	0.00040754	0.00031283	0.00059697	0.00066813	0.00056472	0.0004043	0.00041082	0.00050635	0.00052516	0.00061524	0.00050698	0.00055891	0.00061893	0.00050541	0.0005982	0.00069602	0.00077881	0.00099757	0.00088608	0.00094306	0.0011869	0.0011413	0.0009086	0.0010037	203
6.4669	5.1262	1.7506	0.19617	0.042185	0.024322	0.030994	0.016546	0.0083216	0.0080417	0.0028895	0.0015316	0.0013909	0.0010297	0.0027361	0.0028586	0.0021079	0.0088009	0.020794	0.020207	0.021426	0.013551	0.0022627	0.0010873	0.00051803	0.00050793	0.00061902	0.00087955	0.0013246	0.0012074	0.00046842	0.00044466	0.0006237	0.0005249	0.00041086	0.00041955	0.00030957	0.00027702	0.00028648	0.00032076	0.00034998	0.00043877	0.0004463	0.00044311	0.00046148	0.00047687	0.00051664	0.00061583	0.00049861	0.00038273	0.00047052	0.00052036	0.00056758	0.00053672	0.00080437	0.00095344	0.00086526	0.00067597	0.0007875	0.00083361	0.00081026	0.00091255	0.00098102	204
4.0851	4.8052	2.4467	0.2076	0.13045	0.23469	0.16961	0.18905	0.13701	0.14533	0.1235	0.038903	0.0039941	0.0060139	0.021747	0.035007	0.023888	0.0068008	0.012285	0.019647	0.019005	0.012781	0.0091361	0.0063091	0.0024087	0.0052178	0.0063188	0.010783	0.01476	0.0085257	0.0013353	0.00042802	0.00033891	0.00035126	0.00062123	0.0026249	0.0044854	0.0048991	0.0045803	0.0023699	0.0013233	0.0010068	0.00035097	0.00043713	0.0007111	0.00062453	0.0003785	0.00039765	0.00053476	0.00049019	0.00049096	0.0004911	0.00043584	0.00067736	0.00069114	0.00054885	0.00057433	0.00073069	0.00068805	0.0006893	0.00072044	0.00063413	0.00058051	205
0.079917	0.15011	0.15606	0.30598	0.61888	0.73804	0.97893	1.669	2.5116	3.2063	2.7379	1.3807	1.446	1.4054	1.051	0.65329	0.49136	0.43297	0.39116	0.38323	0.4512	0.57846	0.84297	1.2234	1.1947	0.68904	0.77608	0.71416	0.56118	0.53069	0.51839	0.32932	0.18604	0.24766	0.28558	0.32474	0.31733	0.43596	0.38355	0.26472	0.30171	0.2053	0.17204	0.15542	0.12912	0.15781	0.14313	0.1784	0.20579	0.18934	0.15441	0.12429	0.086786	0.080973	0.090243	0.093823	0.084883	0.066061	0.066362	0.047172	0.042506	0.041	0.041058	206
5.5045	3.8578	0.7965	0.25588	0.33364	0.29722	0.29759	0.32429	0.24521	0.39732	0.66579	0.62654	0.67552	0.72591	0.59017	0.52582	0.33353	0.26002	0.2399	0.36652	0.48808	0.70421	1.2062	1.1969	0.9815	0.89729	0.79614	0.57844	0.56633	0.43473	0.27085	0.23211	0.1792	0.16696	0.21864	0.19359	0.26342	0.37776	0.39172	0.35614	0.29371	0.26126	0.31247	0.35631	0.28551	0.25822	0.26363	0.23154	0.16246	0.16087	0.14437	0.081633	0.065452	0.086392	0.077293	0.060444	0.052316	0.052372	0.048516	0.042197	0.038729	0.029125	0.024389	207
5.7165	4.3894	1.3217	0.17948	0.13194	0.283	0.35419	0.44937	0.63296	0.83476	0.83824	0.55499	0.78869	0.48194	0.26358	0.35274	0.23679	0.18892	0.17003	0.17526	0.15165	0.15801	0.18427	0.16426	0.19956	0.19057	0.18563	0.14964	0.123	0.099541	0.071277	0.078739	0.081225	0.096524	0.13296	0.16713	0.18529	0.16138	0.13587	0.14098	0.07664	0.075108	0.061029	0.060532	0.071935	0.068958	0.052982	0.061676	0.057929	0.050197	0.03808	0.03239	0.023803	0.027919	0.022324	0.02276	0.027919	0.030142	0.024227	0.019182	0.018113	0.011905	0.0062895	208
4.8719	3.6701	1.1047	0.39311	0.83478	0.61523	0.69174	0.9105	1.583	1.8484	1.7691	0.92702	0.57303	0.4081	0.26633	0.2374	0.18261	0.18656	0.12667	0.079921	0.083693	0.092481	0.1276	0.12525	0.17756	0.21537	0.23805	0.21043	0.11281	0.096656	0.067753	0.053535	0.032637	0.038314	0.046341	0.074646	0.08352	0.06855	0.092928	0.10097	0.088395	0.099615	0.075198	0.058266	0.070908	0.047831	0.052807	0.036174	0.044893	0.040076	0.028162	0.015891	0.012682	0.014789	0.014784	0.018246	0.015221	0.012996	0.016301	0.014173	0.011608	0.0077132	0.0067435	209
5.6669	4.8535	2.0155	0.41192	0.5687	0.80304	0.68774	0.24751	0.098599	0.11407	0.060684	0.023376	0.025611	0.035922	0.0745	0.074335	0.035448	0.016611	0.014685	0.014792	0.013379	0.010182	0.012465	0.031911	0.048776	0.034084	0.022499	0.015999	0.017234	0.01511	0.012218	0.0080402	0.0049489	0.0069258	0.014384	0.018186	0.016322	0.01576	0.024261	0.023294	0.021008	0.015094	0.013121	0.0099051	0.011889	0.010234	0.0071535	0.0066482	0.005598	0.0032113	0.0020427	0.0030765	0.003273	0.00242	0.0017191	0.0011267	0.00060743	0.00057845	0.00063646	0.0011422	0.00091321	0.00055613	0.00044383	210
5.3934	3.8965	1.675	0.79889	1.1204	0.6733	0.65507	0.72463	0.32677	0.1214	0.13454	0.17279	0.18762	0.091862	0.065996	0.045436	0.029973	0.029086	0.024729	0.021576	0.027436	0.021827	0.028766	0.051239	0.080594	0.084292	0.056949	0.038936	0.021904	0.019256	0.014935	0.012746	0.010499	0.010748	0.013611	0.010918	0.013357	0.014225	0.017217	0.015119	0.01024	0.013109	0.0079185	0.0067737	0.0083351	0.0094582	0.0075771	0.0061726	0.0044647	0.0035583	0.0031626	0.0038189	0.0036992	0.0023842	0.0013401	0.0014569	0.0015512	0.0012415	0.00069996	0.00066843	0.00074228	0.0008032	0.00075692	211
2.9878	3.8416	3.8032	2.5637	1.3319	0.21689	0.074318	0.15005	0.175	0.096895	0.065416	0.047363	0.016983	0.016619	0.016211	0.02918	0.033911	0.024792	0.022372	0.028119	0.021832	0.010304	0.019763	0.038491	0.029122	0.008771	0.010187	0.011213	0.0077572	0.0023742	0.00053859	0.00092558	0.0022315	0.0029533	0.0056344	0.0073784	0.0067055	0.0056452	0.0029979	0.0014356	0.0011798	0.00083424	0.00036294	0.001092	0.0031183	0.0041695	0.0024955	0.0027043	0.003392	0.0018829	0.00053661	0.00052127	0.00062574	0.00063882	0.00051941	0.00084084	0.0011431	0.00081768	0.00062782	0.00060376	0.00055117	0.00055872	0.00062024	300
4.8837	5.0455	3.1148	1.1666	0.46014	0.37695	0.15637	0.16737	0.10392	0.13845	0.20961	0.10792	0.030808	0.042681	0.027169	0.037378	0.039206	0.021716	0.016794	0.022801	0.020746	0.037152	0.052114	0.023639	0.014024	0.026502	0.028097	0.023131	0.027107	0.023616	0.019557	0.0073764	0.0024037	0.0019793	0.0011699	0.0018001	0.0035973	0.0063735	0.0057206	0.0045997	0.0022161	0.00077574	0.0012203	0.0022806	0.0016819	0.00096864	0.00059175	0.0006333	0.00061648	0.00088718	0.00097367	0.00057434	0.00073148	0.00065092	0.00070527	0.00066558	0.00084757	0.00083867	0.0009019	0.0010908	0.0011375	0.0011219	0.00095208	301
6.2645	4.641	0.91652	0.12972	0.049825	0.054549	0.069565	0.15825	0.45286	0.42309	0.1797	0.068404	0.046363	0.048087	0.061748	0.046555	0.02092	0.018132	0.019256	0.012627	0.0092328	0.004464	0.0064399	0.013091	0.014746	0.022599	0.024514	0.017273	0.0096844	0.0057786	0.0047876	0.0025929	0.00061568	0.00041195	0.00059869	0.0021664	0.0045635	0.0049768	0.0037132	0.0013628	0.00060749	0.00080485	0.003126	0.0041588	0.0038383	0.0028752	0.0012426	0.001428	0.0016161	0.002386	0.0016528	0.00051363	0.0004991	0.00060962	0.00065943	0.00073498	0.0007618	0.00068163	0.00078427	0.00064036	0.00069729	0.00075378	0.00079428	302
3.8695	4.4719	3.6165	1.4145	0.2049	0.043395	0.04984	0.091655	0.074386	0.038148	0.032718	0.018852	0.0036025	0.0022296	0.0023297	0.0086112	0.011122	0.0040821	0.0060957	0.0095931	0.0107	0.015355	0.026084	0.015695	0.0057158	0.0099247	0.010949	0.0069519	0.0052101	0.0035231	0.0021172	0.00087394	0.00049203	0.00060501	0.000518	0.00056456	0.00045946	0.00048798	0.0014454	0.0024222	0.0024641	0.0020396	0.0017484	0.00066026	0.00038188	0.00054624	0.00043164	0.00025117	0.00025963	0.00033069	0.00045201	0.00044241	0.00054202	0.00064049	0.00057102	0.00047968	0.00041097	0.00040377	0.00040809	0.00044957	0.00033077	0.00038725	0.00045163	303
4.5772	5.1885	2.2853	0.33533	0.071333	0.027581	0.026841	0.012058	0.0062514	0.0044655	0.0028346	0.0019793	0.0015029	0.0013147	0.00093244	0.0010813	0.0021765	0.0088946	0.014968	0.026886	0.028756	0.015503	0.0033564	0.0039352	0.0084312	0.0076826	0.0027813	0.00095932	0.0011577	0.0020584	0.0016974	0.0005461	0.00042892	0.00062397	0.00061369	0.00046026	0.00034889	0.00027636	0.00029763	0.0003674	0.0004378	0.00034404	0.00032236	0.00031833	0.00035476	0.00036661	0.00037532	0.0004525	0.00052352	0.00045181	0.00058039	0.00060884	0.00056067	0.00061747	0.0007505	0.00078381	0.00061846	0.00076718	0.00084796	0.00087567	0.00092957	0.00087594	0.00088323	304
5.4593	5.031	2.1908	0.29011	0.2056	0.2973	0.26642	0.25525	0.13618	0.12456	0.14191	0.053535	0.010138	0.012666	0.030824	0.036492	0.017766	0.008182	0.019209	0.02611	0.025186	0.021701	0.017881	0.012495	0.0051695	0.010298	0.013555	0.018986	0.023079	0.013725	0.0045984	0.0013278	0.00041568	0.0014456	0.003837	0.0071029	0.013873	0.014141	0.0072322	0.0043854	0.0052924	0.0027222	0.00079878	0.0023705	0.003714	0.0025873	0.0013696	0.0003979	0.00080147	0.00084335	0.00044147	0.00036611	0.00043454	0.00039579	0.00047089	0.00076067	0.00048473	0.00049367	0.00052149	0.00063433	0.00058367	0.00051997	0.00050497	305
0.12149	0.16367	0.16227	0.28049	0.56311	0.82589	1.3788	1.7504	2.6668	3.4556	2.4064	1.6052	1.6489	1.1595	0.80464	0.61858	0.65424	0.57413	0.39825	0.32918	0.26401	0.22746	0.29689	0.37507	0.61854	0.73092	0.98962	1.0975	0.99087	0.71976	0.46476	0.26473	0.15442	0.23552	0.36045	0.36014	0.3156	0.3771	0.28443	0.19202	0.22334	0.20559	0.16169	0.20359	0.24891	0.2145	0.16675	0.14191	0.12985	0.11455	0.092113	0.11735	0.11836	0.13304	0.11606	0.073577	0.056485	0.069825	0.074961	0.054541	0.037087	0.029598	0.020861	306
8.1334	5.0423	0.75571	0.47936	0.26073	0.23972	0.20231	0.22845	0.23403	0.29433	0.34571	0.38401	0.34367	0.29035	0.36151	0.3282	0.27335	0.34116	0.23188	0.12095	0.1253	0.17533	0.21526	0.53934	0.73252	0.55852	0.47938	0.3816	0.26371	0.16702	0.11448	0.088767	0.091289	0.10642	0.13258	0.21038	0.31386	0.30379	0.16214	0.093134	0.11651	0.15645	0.16682	0.20554	0.20924	0.12631	0.11084	0.11338	0.095347	0.077362	0.052135	0.068099	0.064456	0.050034	0.053683	0.058465	0.042599	0.036972	0.028498	0.028165	0.021389	0.020998	0.011911	307
6.978	4.7004	1.2723	0.16245	0.076564	0.12163	0.17375	0.35533	0.40563	0.48734	0.46534	0.22908	0.22287	0.16647	0.12539	0.11285	0.083533	0.069574	0.060025	0.047058	0.030837	0.033509	0.033618	0.04584	0.059824	0.060006	0.050937	0.043566	0.039519	0.028763	0.017826	0.019266	0.013306	0.018372	0.025605	0.03759	0.042465	0.061128	0.051294	0.035386	0.030625	0.028265	0.027755	0.021446	0.018584	0.01275	0.017203	0.016085	0.01579	0.015501	0.011785	0.00849	0.0062973	0.0072249	0.0050882	0.0042322	0.0044807	0.0036949	0.0037554	0.0034733	0.003159	0.0019032	0.0010713	308
5.0481	4.2971	1.5279	0.28339	0.39207	0.46999	0.40658	0.73383	1.1573	1.0702	0.71151	0.45173	0.29695	0.27706	0.17019	0.21744	0.1515	0.097392	0.10371	0.077751	0.058857	0.050237	0.07164	0.15103	0.21484	0.18292	0.27433	0.21845	0.11266	0.087599	0.062804	0.045096	0.041069	0.031415	0.039344	0.052093	0.055688	0.084085	0.094179	0.072351	0.047906	0.048027	0.046982	0.033654	0.043351	0.044727	0.037745	0.037378	0.037796	0.031646	0.023693	0.02557	0.015131	0.012918	0.015431	0.013144	0.01566	0.015104	0.0098829	0.0079255	0.00618	0.0044789	0.0042821	309
4.6487	4.8414	2.3039	0.41819	0.36202	0.35228	0.18629	0.076362	0.094556	0.13223	0.054217	0.020183	0.020034	0.026389	0.049781	0.047949	0.01943	0.0098952	0.0099336	0.0091415	0.009222	0.0091652	0.013958	0.024787	0.035332	0.026565	0.014252	0.0084894	0.013663	0.015674	0.011271	0.0048187	0.0026178	0.0046457	0.0091678	0.012524	0.013824	0.015209	0.017125	0.019084	0.020478	0.019446	0.011911	0.0093419	0.0078603	0.0085307	0.0091923	0.0074138	0.0063537	0.0096153	0.0078064	0.0031208	0.0013614	0.00073878	0.00066225	0.00060285	0.00044817	0.00056793	0.00068161	0.00058421	0.00059508	0.00065914	0.00054095	310
4.4281	4.9328	2.4384	0.6441	0.59967	0.33553	0.28411	0.24565	0.10493	0.071374	0.097736	0.11618	0.11206	0.089031	0.040578	0.024619	0.017317	0.017284	0.013801	0.019697	0.028463	0.021326	0.01752	0.028695	0.049876	0.049925	0.030178	0.030919	0.026953	0.01506	0.0078843	0.0046501	0.0018703	0.0018438	0.0031297	0.0043625	0.0082506	0.0091954	0.0084343	0.0084939	0.010111	0.011371	0.007307	0.0058467	0.0034022	0.0039233	0.0058185	0.0062914	0.0045799	0.0026273	0.0013821	0.00072394	0.0007618	0.00068683	0.00075712	0.00067409	0.00091518	0.0010191	0.00074968	0.00070343	0.00069108	0.0008345	0.00084183	311
4.3898	4.348	1.9886	1.5314	1.5052	0.54142	0.054294	0.054629	0.12462	0.091192	0.037065	0.017194	0.016074	0.023464	0.02544	0.02299	0.022432	0.026671	0.020247	0.01534	0.0096701	0.016621	0.027412	0.032655	0.040317	0.019319	0.0087327	0.0046265	0.0071668	0.011137	0.0080868	0.012597	0.017458	0.013384	0.010343	0.009575	0.0050017	0.0055563	0.0053893	0.0044703	0.00492	0.0032882	0.0038637	0.0054116	0.006121	0.0050332	0.0070995	0.0086928	0.0048912	0.0010297	0.00063072	0.0015723	0.0032151	0.0034208	0.0025362	0.00095935	0.00086199	0.001585	0.0013054	0.00082247	0.0008635	0.00063619	0.00070595	400
5.1351	4.8629	1.8572	0.45636	0.38422	0.32318	0.2081	0.15864	0.12603	0.057828	0.036585	0.026759	0.038792	0.032718	0.039033	0.037525	0.025611	0.015754	0.013844	0.024416	0.023512	0.02856	0.030026	0.014062	0.0080477	0.019106	0.018797	0.0097206	0.0082172	0.010568	0.0071702	0.0045048	0.0044462	0.004465	0.0069918	0.0050246	0.0057709	0.0096368	0.013667	0.016652	0.010934	0.0068263	0.0032119	0.00487	0.0064439	0.0029785	0.0027906	0.004373	0.0030993	0.0015116	0.00078778	0.00063832	0.0011565	0.0028435	0.0036615	0.0017281	0.00056125	0.0004688	0.00061095	0.00087872	0.0007872	0.00065636	0.00055568	401
5.4952	5.0807	1.3959	0.14853	0.046799	0.043747	0.054356	0.051805	0.12874	0.12563	0.072507	0.026987	0.020144	0.02789	0.037781	0.042035	0.013459	0.0060581	0.0064274	0.0097191	0.012741	0.011129	0.0043221	0.0063112	0.014624	0.014271	0.018167	0.017175	0.0091801	0.0019263	0.001442	0.0014568	0.00068713	0.00027614	0.00024964	0.00061297	0.003919	0.006976	0.0050553	0.0025543	0.0017409	0.00076724	0.00026767	0.00055753	0.0012034	0.00088046	0.00025048	0.00028005	0.00034883	0.00026925	0.00030459	0.00039629	0.00040725	0.00028108	0.00036215	0.00040206	0.00042671	0.00032963	0.00028395	0.00037179	0.00045613	0.00047429	0.00048282	402
4.9674	4.9419	2.4293	0.86987	0.22108	0.034788	0.017392	0.04499	0.056381	0.04513	0.044822	0.028606	0.003665	0.0051203	0.010116	0.018456	0.028957	0.019536	0.0085804	0.0029048	0.0055001	0.014128	0.02817	0.032665	0.017438	0.014989	0.020678	0.010425	0.0077991	0.0070546	0.0044866	0.0044772	0.0030061	0.00068342	0.00055468	0.0010681	0.00064514	0.00047219	0.0012502	0.0017807	0.0010864	0.0030457	0.0024767	0.0020254	0.0035106	0.0018117	0.0004386	0.00034108	0.0003099	0.00048668	0.00046904	0.00024636	0.0015547	0.0033533	0.0025668	0.00078023	0.00058609	0.00055247	0.00044603	0.00054232	0.0004688	0.00041094	0.0004329	403
5.4096	4.9895	1.4144	0.26867	0.057584	0.02072	0.01162	0.0068958	0.0049821	0.0047742	0.002695	0.0024762	0.0023892	0.0027653	0.00088165	0.0013036	0.0029619	0.0049245	0.0065745	0.0063489	0.0045764	0.0037791	0.00088846	0.0024424	0.0026711	0.0016278	0.0033712	0.0034881	0.0015948	0.0023705	0.0018472	0.00048576	0.00023339	0.00041057	0.00061818	0.00089829	0.0015678	0.00090732	0.00038055	0.00029071	0.00018045	0.00029933	0.0002376	0.00016898	0.00022033	0.00021755	0.00065997	0.00047164	0.00025037	0.0002608	0.00029784	0.00023457	0.00032368	0.00035059	0.00031943	0.00039075	0.00039048	0.0004211	0.00032499	0.00041701	0.00057498	0.0005046	0.00052099	404
5.0463	4.8932	1.828	0.24286	0.12151	0.17907	0.14034	0.078065	0.051652	0.041868	0.051499	0.015961	0.014061	0.033653	0.057032	0.04526	0.020142	0.0060764	0.0078502	0.012529	0.011789	0.013821	0.0099055	0.01106	0.014597	0.0077636	0.012822	0.017156	0.014581	0.0070302	0.0040835	0.0026823	0.0004852	0.00095824	0.0037238	0.0071705	0.011102	0.013191	0.013071	0.0091424	0.0041006	0.0052222	0.0055835	0.0032483	0.002945	0.0050808	0.0047515	0.0032847	0.0028159	0.0018182	0.00075367	0.00073325	0.00063099	0.00031607	0.00032132	0.000287	0.00032733	0.00032248	0.00032313	0.00040129	0.00050692	0.00038853	0.00036142	405
0.2315	0.39623	0.40544	0.49419	0.97255	1.2274	1.3217	1.5071	1.7632	2.4078	1.7848	1.6867	2.1813	1.8234	1.3459	1.1977	0.85483	0.54629	0.47733	0.33799	0.34361	0.35591	0.53926	0.86274	0.85735	0.82073	1.1802	1.2893	0.84468	0.66772	0.51892	0.36161	0.32884	0.33916	0.46093	0.64093	0.59052	0.6323	0.54308	0.34895	0.2681	0.23977	0.27038	0.262	0.20386	0.1693	0.237	0.26848	0.21642	0.19613	0.15393	0.14018	0.17732	0.19401	0.15293	0.12829	0.099059	0.079884	0.079674	0.072954	0.051978	0.03387	0.022602	406
5.9646	5.1271	1.3811	0.27491	0.33421	0.22303	0.18894	0.20004	0.15578	0.1397	0.18676	0.27791	0.48704	0.39605	0.20007	0.15334	0.23027	0.35744	0.21246	0.17732	0.14793	0.21215	0.34701	0.43293	0.5381	0.53451	0.34895	0.19598	0.25284	0.26502	0.166	0.076611	0.074208	0.080207	0.10855	0.13177	0.12819	0.18141	0.22285	0.22931	0.16166	0.13419	0.24372	0.25034	0.22537	0.1912	0.13941	0.11158	0.10073	0.078293	0.050438	0.056155	0.047808	0.047048	0.052147	0.037342	0.035687	0.042056	0.040987	0.033187	0.02567	0.019137	0.014148	407
5.4957	5.0505	1.4111	0.1782	0.091936	0.12686	0.15501	0.26012	0.33703	0.30407	0.32058	0.19584	0.1491	0.11466	0.092201	0.10258	0.071802	0.080104	0.058333	0.039703	0.032901	0.045751	0.045338	0.039883	0.05493	0.061314	0.048317	0.04603	0.03308	0.025309	0.024611	0.021562	0.01526	0.017526	0.027622	0.035326	0.035218	0.041202	0.034284	0.027899	0.024735	0.016364	0.012566	0.01056	0.014357	0.016493	0.018676	0.02055	0.021009	0.013052	0.0078092	0.0064542	0.0046585	0.0046929	0.0048426	0.004493	0.0054518	0.0050547	0.0040526	0.0033663	0.002844	0.0025094	0.0016739	408
5.5154	4.8652	1.6741	0.34801	0.42149	0.27189	0.32462	0.3608	0.47281	0.58079	0.54745	0.2409	0.15467	0.12392	0.08154	0.079458	0.062245	0.058311	0.04718	0.03729	0.027885	0.032172	0.044131	0.082526	0.11614	0.12693	0.10308	0.066894	0.048358	0.038244	0.028801	0.019839	0.014036	0.012721	0.014613	0.019708	0.023179	0.02446	0.027234	0.026634	0.02093	0.018385	0.016067	0.013077	0.011055	0.012705	0.014186	0.013699	0.015435	0.012857	0.010675	0.0068761	0.0062611	0.0067585	0.0074304	0.0059343	0.0043383	0.0038849	0.0031297	0.0019374	0.0013014	0.0011438	0.0007759	409
5.5465	5.0496	1.4559	0.1745	0.20871	0.30829	0.35302	0.12985	0.042786	0.060733	0.043536	0.011197	0.004868	0.013036	0.032587	0.034437	0.012147	0.0027662	0.0037117	0.0082931	0.0061443	0.0080672	0.0051358	0.0071385	0.0084342	0.0071458	0.0039017	0.0052678	0.0094517	0.006854	0.0095405	0.0062921	0.0015885	0.0016294	0.0040895	0.0061097	0.0073317	0.012859	0.014344	0.015514	0.012212	0.006939	0.007405	0.0084052	0.0063839	0.0051684	0.008238	0.0071846	0.0039521	0.0012465	0.0010303	0.00081885	0.00032815	0.00024613	0.00026063	0.00025188	0.00029471	0.00032487	0.00034516	0.00028811	0.00021388	0.00025716	0.00028623	410
5.0638	4.8429	1.7445	0.34406	0.46902	0.42618	0.28648	0.28139	0.17486	0.052012	0.089594	0.12002	0.0977	0.048825	0.036389	0.035053	0.016865	0.014498	0.015803	0.035837	0.036624	0.024222	0.0307	0.035024	0.050376	0.056372	0.041397	0.03061	0.0302	0.022918	0.011657	0.0081729	0.0034338	0.0039855	0.0061552	0.0065706	0.0086741	0.0082084	0.0092794	0.0079379	0.0072732	0.0045363	0.0046998	0.0046356	0.0042054	0.0028157	0.0024575	0.002468	0.0026601	0.0024227	0.0035164	0.0044722	0.0046181	0.0033124	0.0014206	0.0011279	0.0016112	0.0023559	0.0028466	0.0016683	0.00093689	0.00055266	0.00039497	411
